Feel free to place comments here.


!!!!!!!!!!!!!!!!!!!!!!!!!!!!!!!!!!!!!!!!!!!!!!!!!!!!!!!!!!!!!!!!!!!!!!!!!
!!! Warning:  This is a KLT data file.  Do not modify below this line !!!

------------------------------
KLT Feature Table
------------------------------

nFrames = 10, nFeatures = 150

feature |          frame
        |                   0                   1                   2                   3                   4                   5                   6                   7                   8                   9
--------+---------------------------------------------------------------------------------------------------------------------------------------------------------------------------------------------------------
      0 | ( 86.0, 71.0)=30785 ( 81.3, 70.9)=    0 ( 76.7, 70.9)=    0 ( 72.1, 70.9)=    0 ( 67.5, 70.8)=    0 ( 63.1, 70.7)=    0 ( 58.6, 70.7)=    0 ( 54.3, 70.5)=    0 ( 49.9, 70.3)=    0 ( 45.6, 70.1)=    0 
      1 | ( 25.0,137.0)=26254 ( -1.0, -1.0)=   -4 ( -1.0, -1.0)=   -4 ( -1.0, -1.0)=   -4 ( -1.0, -1.0)=   -4 ( -1.0, -1.0)=   -4 ( -1.0, -1.0)=   -4 ( -1.0, -1.0)=   -4 ( -1.0, -1.0)=   -4 ( -1.0, -1.0)=   -4 
      2 | (257.0, 97.0)=26179 (254.8, 97.0)=    0 (252.7, 97.0)=    0 (250.6, 97.0)=    0 (248.6, 97.0)=    0 (246.5, 96.9)=    0 (244.5, 96.9)=    0 (242.5, 96.9)=    0 (240.5, 96.9)=    0 (238.4, 97.0)=    0 
      3 | (247.0, 89.0)=23658 (244.9, 89.0)=    0 (242.7, 89.0)=    0 (240.6, 88.9)=    0 (238.6, 88.9)=    0 (236.5, 88.9)=    0 (234.4, 88.9)=    0 (232.3, 88.8)=    0 (230.3, 88.8)=    0 (228.2, 88.8)=    0 
      4 | (274.0, 73.0)=23339 (271.9, 73.0)=    0 (269.7, 73.0)=    0 (267.7, 73.1)=    0 (265.5, 73.1)=    0 (263.5, 73.1)=    0 ( -1.0, -1.0)=   -5 ( -1.0, -1.0)=   -5 ( -1.0, -1.0)=   -5 ( -1.0, -1.0)=   -5 
      5 | ( 98.0,138.0)=22970 ( 95.0,137.9)=    0 ( 92.0,137.8)=    0 ( 89.1,137.8)=    0 ( 86.1,137.7)=    0 ( 83.2,137.7)=    0 ( 80.3,137.6)=    0 ( 77.5,137.5)=    0 ( 74.6,137.5)=    0 ( 71.8,137.4)=    0 
      6 | (281.0,146.0)=22602 (277.1,146.0)=    0 (273.3,146.0)=    0 (269.4,145.9)=    0 (265.6,145.9)=    0 (261.8,145.8)=    0 (258.0,145.8)=    0 (254.2,145.8)=    0 (250.3,145.7)=    0 (246.4,145.7)=    0 
      7 | (261.0, 73.0)=21562 (258.9, 73.0)=    0 (256.7, 72.9)=    0 (254.6, 73.0)=    0 (252.6, 73.0)=    0 (250.5, 73.0)=    0 (248.4, 73.0)=    0 (246.4, 73.0)=    0 (244.3, 73.0)=    0 (242.2, 73.0)=    0 
      8 | (241.0, 72.0)=20968 (238.9, 72.0)=    0 (236.8, 71.9)=    0 (234.7, 71.9)=    0 (232.6, 71.9)=    0 (230.5, 71.9)=    0 (228.4, 71.9)=    0 (226.4, 71.9)=    0 (224.3, 71.9)=    0 (222.3, 71.9)=    0 
      9 | ( 98.0,117.0)=20894 ( 95.0,117.0)=    0 ( 91.9,116.9)=    0 ( 89.0,116.9)=    0 ( 86.0,116.8)=    0 ( 83.1,116.7)=    0 ( 80.2,116.7)=    0 ( 77.4,116.6)=    0 ( 74.4,116.5)=    0 ( 71.6,116.4)=    0 
     10 | (271.0, 92.0)=20086 (268.9, 92.0)=    0 (266.7, 92.0)=    0 (264.6, 92.0)=    0 (262.5, 92.0)=    0 (260.5, 92.0)=    0 (258.4, 92.0)=    0 (256.3, 92.1)=    0 ( -1.0, -1.0)=   -5 ( -1.0, -1.0)=   -5 
     11 | (260.0,145.0)=18628 (256.3,145.0)=    0 (253.2,144.9)=    0 (250.2,144.9)=    0 (247.2,144.9)=    0 (244.3,144.9)=    0 (241.3,144.9)=    0 (238.4,144.9)=    0 (235.4,144.9)=    0 (232.4,144.9)=    0 
     12 | (251.0, 73.0)=18466 (248.9, 73.0)=    0 (246.8, 73.0)=    0 (244.7, 73.0)=    0 (242.6, 72.9)=    0 (240.5, 72.9)=    0 (238.5, 72.9)=    0 (236.5, 72.9)=    0 (234.4, 72.9)=    0 (232.3, 72.8)=    0 
     13 | (290.0,196.0)=18380 (286.2,196.2)=    0 (282.3,196.4)=    0 (278.5,196.5)=    0 (274.7,196.7)=    0 (270.9,196.8)=    0 (267.1,197.0)=    0 (263.3,197.2)=    0 (259.5,197.3)=    0 (255.5,197.5)=    0 
     14 | (150.0,122.0)=16856 (147.8,122.0)=    0 (145.6,121.9)=    0 (143.5,121.9)=    0 (141.3,121.8)=    0 (139.2,121.8)=    0 (137.1,121.7)=    0 (135.0,121.6)=    0 (132.9,121.6)=    0 (130.7,121.6)=    0 
     15 | (292.0, 84.0)=16443 (287.9, 84.1)=    0 (283.7, 84.1)=    0 (279.6, 84.1)=    0 (275.6, 84.2)=    0 (271.6, 84.3)=    0 (267.4, 84.2)=    0 (263.5, 84.4)=    0 (259.4, 84.3)=    0 (255.3, 84.3)=    0 
     16 | (284.0, 74.0)=16180 ( -1.0, -1.0)=   -5 ( -1.0, -1.0)=   -5 ( -1.0, -1.0)=   -5 ( -1.0, -1.0)=   -5 ( -1.0, -1.0)=   -5 ( -1.0, -1.0)=   -5 ( -1.0, -1.0)=   -5 ( -1.0, -1.0)=   -5 ( -1.0, -1.0)=   -5 
     17 | (138.0,122.0)=15954 (135.4,122.0)=    0 (132.8,122.1)=    0 (130.3,122.1)=    0 (127.8,122.1)=    0 (125.3,122.1)=    0 (122.8,122.2)=    0 (120.5,122.3)=    0 (118.0,122.4)=    0 (115.6,122.4)=    0 
     18 | (173.0,189.0)=15545 (168.3,188.9)=    0 (163.6,188.7)=    0 (158.9,188.6)=    0 (154.3,188.5)=    0 (149.7,188.3)=    0 (145.2,188.1)=    0 (140.7,187.9)=    0 (136.1,187.7)=    0 (131.5,187.6)=    0 
     19 | (111.0,112.0)=15398 (108.0,112.0)=    0 (105.0,111.9)=    0 (102.1,111.9)=    0 ( 99.2,111.8)=    0 ( 96.3,111.7)=    0 ( 93.5,111.7)=    0 ( 90.6,111.6)=    0 ( 87.8,111.5)=    0 ( 84.9,111.5)=    0 
     20 | (282.0, 89.0)=14747 ( -1.0, -1.0)=   -5 ( -1.0, -1.0)=   -5 ( -1.0, -1.0)=   -5 ( -1.0, -1.0)=   -5 ( -1.0, -1.0)=   -5 ( -1.0, -1.0)=   -5 ( -1.0, -1.0)=   -5 ( -1.0, -1.0)=   -5 ( -1.0, -1.0)=   -5 
     21 | (112.0,141.0)=14339 (109.1,140.9)=    0 (106.2,140.8)=    0 (103.3,140.8)=    0 (100.4,140.7)=    0 ( 97.5,140.6)=    0 ( 94.6,140.5)=    0 ( 91.8,140.5)=    0 ( 89.0,140.4)=    0 ( 86.2,140.3)=    0 
     22 | (258.0,109.0)=14158 (255.9,109.0)=    0 (253.8,109.0)=    0 (251.7,109.0)=    0 (249.7,109.0)=    0 (247.6,109.0)=    0 (245.6,109.0)=    0 (243.5,109.0)=    0 (241.4,109.0)=    0 (239.3,109.0)=    0 
     23 | ( 94.0,166.0)=13366 ( 89.4,165.9)=    0 ( 84.9,165.8)=    0 ( 80.4,165.7)=    0 ( 76.0,165.5)=    0 ( 71.5,165.4)=    0 ( 67.2,165.2)=    0 ( 62.8,164.9)=    0 ( 58.5,164.7)=    0 ( 54.2,164.4)=    0 
     24 | ( 92.0, 90.0)=13192 ( 87.4, 89.9)=    0 ( 82.7, 89.9)=    0 ( 78.2, 89.9)=    0 ( 73.6, 89.9)=    0 ( 69.1, 89.9)=    0 ( 64.7, 89.9)=    0 ( 60.3, 89.8)=    0 ( 55.9, 89.8)=    0 ( 51.6, 89.7)=    0 
     25 | (291.0,113.0)=12843 (286.9,113.0)=    0 (282.8,113.0)=    0 (278.8,113.1)=    0 (274.6,113.1)=    0 (270.6,113.0)=    0 (266.6,113.0)=    0 (262.5,113.0)=    0 (258.5,113.0)=    0 (254.4,113.0)=    0 
     26 | (142.0, 98.0)=12619 (139.8, 97.9)=    0 (137.7, 97.9)=    0 (135.6, 97.8)=    0 (133.4, 97.8)=    0 (131.4, 97.7)=    0 (129.3, 97.7)=    0 (127.3, 97.6)=    0 (125.3, 97.5)=    0 (123.2, 97.5)=    0 
     27 | ( 94.0,177.0)=12395 ( 89.5,177.0)=    0 ( 85.0,176.9)=    0 ( 80.5,176.8)=    0 ( 76.0,176.6)=    0 ( 71.7,176.5)=    0 ( 67.4,176.4)=    0 ( 63.1,176.2)=    0 ( 58.7,175.9)=    0 ( 54.5,175.7)=    0 
     28 | (118.0, 59.0)=12295 ( -1.0, -1.0)=   -5 ( -1.0, -1.0)=   -5 ( -1.0, -1.0)=   -5 ( -1.0, -1.0)=   -5 ( -1.0, -1.0)=   -5 ( -1.0, -1.0)=   -5 ( -1.0, -1.0)=   -5 ( -1.0, -1.0)=   -5 ( -1.0, -1.0)=   -5 
     29 | (113.0,213.0)=11954 (109.1,212.9)=    0 (105.3,212.8)=    0 (101.6,212.7)=    0 ( 97.8,212.5)=    0 ( 94.0,212.4)=    0 ( 90.2,212.2)=    0 ( 86.4,212.0)=    0 ( 82.6,211.8)=    0 ( 78.9,211.7)=    0 
     30 | (151.0, 60.0)=11689 (148.8, 60.0)=    0 (146.6, 60.0)=    0 (144.5, 60.0)=    0 (142.4, 60.0)=    0 (140.3, 60.0)=    0 (138.2, 60.0)=    0 (136.0, 60.0)=    0 (133.9, 60.0)=    0 (131.8, 60.0)=    0 
     31 | ( 94.0,148.0)=11458 ( -1.0, -1.0)=   -5 ( -1.0, -1.0)=   -5 ( -1.0, -1.0)=   -5 ( -1.0, -1.0)=   -5 ( -1.0, -1.0)=   -5 ( -1.0, -1.0)=   -5 ( -1.0, -1.0)=   -5 ( -1.0, -1.0)=   -5 ( -1.0, -1.0)=   -5 
     32 | (131.0,207.0)=11096 (126.9,206.9)=    0 (122.7,206.7)=    0 (118.7,206.6)=    0 (114.4,206.5)=    0 (110.3,206.4)=    0 (105.9,206.4)=    0 (101.4,206.3)=    0 ( 97.0,206.2)=    0 ( 92.9,206.0)=    0 
     33 | (287.0,160.0)=10966 (283.2,160.2)=    0 (279.3,160.4)=    0 (275.5,160.6)=    0 (271.6,160.7)=    0 (267.8,160.8)=    0 (263.9,161.0)=    0 (260.1,161.2)=    0 (256.3,161.4)=    0 (252.4,161.6)=    0 
     34 | (102.0,214.0)=10641 ( 98.1,213.8)=    0 ( 94.1,213.7)=    0 ( 90.4,213.6)=    0 ( 86.6,213.5)=    0 ( 82.8,213.3)=    0 ( 79.0,213.2)=    0 ( 75.3,213.0)=    0 ( 71.6,212.8)=    0 ( 67.9,212.7)=    0 
     35 | (268.0,106.0)=10529 (265.9,106.0)=    0 (263.7,106.1)=    0 (261.6,106.1)=    0 (259.5,106.1)=    0 (257.4,106.1)=    0 (255.3,106.1)=    0 (253.2,106.1)=    0 (251.1,106.1)=    0 ( -1.0, -1.0)=   -5 
     36 | ( 52.0, 64.0)=10204 ( 49.5, 63.9)=    0 ( 46.9, 63.9)=    0 ( 44.3, 63.9)=    0 ( 41.7, 63.8)=    0 ( 39.1, 63.8)=    0 ( 36.6, 63.7)=    0 ( 34.1, 63.7)=    0 ( 31.6, 63.7)=    0 ( 29.0, 63.7)=    0 
     37 | (160.0,195.0)=10007 (155.4,194.9)=    0 (150.7,194.8)=    0 (146.1,194.7)=    0 (141.5,194.5)=    0 (136.9,194.4)=    0 (132.4,194.3)=    0 (127.9,194.1)=    0 (123.5,193.9)=    0 (119.0,193.8)=    0 
     38 | (157.0,103.0)= 9594 (154.9,102.9)=    0 (152.7,102.9)=    0 (150.6,102.8)=    0 (148.5,102.7)=    0 (146.4,102.7)=    0 (144.4,102.6)=    0 (142.3,102.6)=    0 (140.2,102.5)=    0 (138.1,102.4)=    0 
     39 | (277.0,203.0)= 9170 (272.0,203.1)=    0 (266.8,203.3)=    0 (261.8,203.6)=    0 (256.7,203.8)=    0 (251.7,203.9)=    0 (246.7,204.1)=    0 (241.6,204.2)=    0 (236.5,204.2)=    0 (231.4,204.3)=    0 
     40 | (254.0,184.0)= 9137 (250.7,184.2)=    0 (247.2,184.4)=    0 (243.9,184.6)=    0 (240.5,184.7)=    0 (237.2,185.0)=    0 (233.9,185.2)=    0 (230.6,185.4)=    0 (227.3,185.6)=    0 (223.9,185.9)=    0 
     41 | (204.0, 37.0)= 8690 (202.9, 37.0)=    0 (201.9, 37.1)=    0 (200.9, 37.0)=    0 (199.9, 37.0)=    0 (198.9, 37.0)=    0 (197.9, 37.0)=    0 (196.9, 37.0)=    0 (196.0, 36.9)=    0 (194.9, 36.9)=    0 
     42 | (277.0,214.0)= 7976 (271.9,214.1)=    0 (266.8,214.2)=    0 (261.8,214.3)=    0 (256.7,214.4)=    0 (251.5,214.5)=    0 (246.5,214.6)=    0 (241.5,214.7)=    0 (236.3,214.8)=    0 (231.2,214.8)=    0 
     43 | (203.0, 70.0)= 7886 (201.9, 70.0)=    0 (200.8, 69.9)=    0 (199.8, 69.9)=    0 (198.8, 69.9)=    0 (197.8, 70.0)=    0 (196.8, 70.0)=    0 (195.8, 70.0)=    0 (194.7, 69.9)=    0 (193.5, 69.9)=    0 
     44 | (139.0, 58.0)= 7794 (136.7, 58.0)=    0 (134.5, 58.0)=    0 (132.4, 58.0)=    0 (130.2, 58.0)=    0 (128.1, 58.0)=    0 (126.0, 58.0)=    0 (123.8, 58.0)=    0 (121.7, 58.0)=    0 (119.6, 58.0)=    0 
     45 | (288.0,215.0)= 7778 ( -1.0, -1.0)=   -4 ( -1.0, -1.0)=   -4 ( -1.0, -1.0)=   -4 ( -1.0, -1.0)=   -4 ( -1.0, -1.0)=   -4 ( -1.0, -1.0)=   -4 ( -1.0, -1.0)=   -4 ( -1.0, -1.0)=   -4 ( -1.0, -1.0)=   -4 
     46 | (162.0, 60.0)= 7748 (159.9, 60.0)=    0 (157.7, 60.0)=    0 (155.6, 60.0)=    0 (153.4, 60.0)=    0 (151.3, 60.0)=    0 (149.2, 60.0)=    0 (147.1, 60.0)=    0 (145.1, 60.0)=    0 (142.9, 60.0)=    0 
     47 | (260.0,210.0)= 7459 (254.9,210.1)=    0 (249.8,210.2)=    0 (244.7,210.2)=    0 (239.6,210.3)=    0 (234.6,210.4)=    0 (229.5,210.4)=    0 (224.4,210.4)=    0 (219.3,210.5)=    0 (214.2,210.5)=    0 
     48 | ( 92.0,104.0)= 7224 ( 87.4,103.6)=    0 ( 82.7,103.3)=    0 ( 78.1,102.9)=    0 ( 73.6,102.6)=    0 ( 69.1,102.2)=    0 ( 64.6,101.9)=    0 ( 60.1,101.6)=    0 ( 55.7,101.4)=    0 ( 51.3,101.4)=    0 
     49 | (222.0,200.0)= 7133 (216.4,200.3)=    0 (210.9,200.6)=    0 (205.5,200.8)=    0 (200.1,201.3)=    0 (194.7,201.4)=    0 (189.4,201.8)=    0 (184.0,202.4)=    0 (178.7,202.1)=    0 (173.4,201.7)=    0 
     50 | (133.0,154.0)= 6685 (130.2,153.9)=    0 (127.4,153.8)=    0 (124.7,153.7)=    0 (121.9,153.5)=    0 (119.2,153.3)=    0 (116.5,153.2)=    0 (113.9,153.1)=    0 (111.2,152.9)=    0 (108.6,152.8)=    0 
     51 | (263.0,128.0)= 6230 (260.8,128.0)=    0 (258.7,128.0)=    0 (256.6,128.1)=    0 (254.5,128.1)=    0 (252.4,128.1)=    0 (250.3,128.1)=    0 (248.2,128.1)=    0 (246.2,128.1)=    0 (244.1,128.1)=    0 
     52 | ( 62.0,139.0)= 6219 ( 57.1,138.8)=    0 ( 52.1,138.6)=    0 ( 47.2,138.4)=    0 ( 42.4,138.2)=    0 ( 37.6,138.0)=    0 ( 32.9,137.8)=    0 ( 28.2,137.6)=    0 ( -1.0, -1.0)=   -4 ( -1.0, -1.0)=   -4 
     53 | (204.0,198.0)= 6211 (198.6,198.0)=    0 (193.3,197.9)=    0 (188.0,198.0)=    0 (182.5,197.8)=    0 (177.3,197.8)=    0 (171.9,197.6)=    0 (166.6,197.6)=    0 (161.3,197.5)=    0 (156.1,197.4)=    0 
     54 | ( 73.0,128.0)= 6004 ( 68.1,127.9)=    0 ( 63.1,127.7)=    0 ( 58.3,127.5)=    0 ( 53.4,127.3)=    0 ( 48.7,127.2)=    0 ( 44.0,127.0)=    0 ( 39.3,126.8)=    0 ( 34.6,126.6)=    0 ( 30.0,126.5)=    0 
     55 | (284.0,130.0)= 5975 ( -1.0, -1.0)=   -5 ( -1.0, -1.0)=   -5 ( -1.0, -1.0)=   -5 ( -1.0, -1.0)=   -5 ( -1.0, -1.0)=   -5 ( -1.0, -1.0)=   -5 ( -1.0, -1.0)=   -5 ( -1.0, -1.0)=   -5 ( -1.0, -1.0)=   -5 
     56 | (183.0, 47.0)= 5903 (180.8, 47.0)=    0 (178.7, 47.0)=    0 (176.6, 47.0)=    0 (174.6, 47.0)=    0 (172.6, 46.9)=    0 (170.6, 47.0)=    0 (168.5, 46.9)=    0 (166.4, 46.9)=    0 (164.4, 46.9)=    0 
     57 | (292.0, 94.0)= 5782 (288.0, 94.1)=    0 (283.9, 94.1)=    0 (279.8, 94.1)=    0 (275.7, 94.1)=    0 (271.7, 94.2)=    0 (267.6, 94.1)=    0 (263.6, 94.2)=    0 (259.6, 94.1)=    0 (255.5, 94.2)=    0 
     58 | ( 82.0,188.0)= 5408 ( 77.2,187.8)=    0 ( 72.4,187.5)=    0 ( 67.7,187.2)=    0 ( 63.0,187.0)=    0 ( 58.4,186.6)=    0 ( 53.8,186.3)=    0 ( 49.2,186.0)=    0 ( 44.7,185.7)=    0 ( 40.2,185.4)=    0 
     59 | ( 55.0,150.0)= 5367 ( 50.1,149.7)=    0 ( 45.3,149.5)=    0 ( 40.4,149.3)=    0 ( 35.6,149.1)=    0 ( 30.9,148.8)=    0 ( 26.2,148.6)=    0 ( -1.0, -1.0)=   -4 ( -1.0, -1.0)=   -4 ( -1.0, -1.0)=   -4 
     60 | ( 56.0,127.0)= 4999 ( 51.1,126.9)=    0 ( 46.2,126.8)=    0 ( 41.4,126.6)=    0 ( 36.6,126.4)=    0 ( 31.7,126.2)=    0 ( 27.0,126.0)=    0 ( -1.0, -1.0)=   -4 ( -1.0, -1.0)=   -4 ( -1.0, -1.0)=   -4 
     61 | (183.0,115.0)= 4869 (180.8,114.3)=    0 (178.7,113.6)=    0 (176.5,113.2)=    0 (174.3,113.1)=    0 (171.6,113.1)=    0 (168.5,113.2)=    0 (165.2,113.3)=    0 (161.6,113.2)=    0 (158.1,113.2)=    0 
     62 | (249.0,204.0)= 4679 (243.9,204.1)=    0 (238.8,204.2)=    0 (233.7,204.3)=    0 (228.6,204.3)=    0 (223.6,204.4)=    0 (218.4,204.5)=    0 (213.4,204.5)=    0 (208.4,204.4)=    0 (203.4,204.4)=    0 
     63 | (170.0,204.0)= 4468 (165.1,203.9)=    0 (160.1,203.9)=    0 (155.3,203.9)=    0 (150.5,203.8)=    0 (145.7,203.8)=    0 (140.9,203.7)=    0 (136.1,203.6)=    0 (131.4,203.4)=    0 (126.6,203.3)=    0 
     64 | (232.0,202.0)= 4449 (226.8,202.2)=    0 (221.7,202.4)=    0 (216.6,202.4)=    0 (211.5,202.6)=    0 (206.4,202.6)=    0 (201.4,202.8)=    0 (196.4,202.8)=    0 (191.3,202.6)=    0 (186.3,202.6)=    0 
     65 | ( 75.0,150.0)= 4414 ( 70.1,149.8)=    0 ( 65.3,149.6)=    0 ( 60.5,149.4)=    0 ( 55.6,149.3)=    0 ( 50.9,149.1)=    0 ( 46.3,148.9)=    0 ( 41.6,148.7)=    0 ( 36.9,148.5)=    0 ( 32.3,148.3)=    0 
     66 | (225.0, 57.0)= 4402 (223.0, 56.9)=    0 (221.0, 56.9)=    0 (218.9, 56.9)=    0 (216.9, 56.8)=    0 (214.9, 56.8)=    0 (213.0, 56.7)=    0 (211.0, 56.7)=    0 (209.0, 56.7)=    0 (207.1, 56.6)=    0 
     67 | (111.0,131.0)= 4337 (108.1,131.0)=    0 (105.1,130.9)=    0 (102.3,130.9)=    0 ( 99.4,130.9)=    0 ( 96.5,130.8)=    0 ( 93.6,130.7)=    0 ( 90.8,130.5)=    0 ( 87.9,130.4)=    0 ( 85.1,130.3)=    0 
     68 | (184.0,101.0)= 4184 (181.6,100.9)=    0 (179.1,100.7)=    0 (175.8,100.0)=    0 ( -1.0, -1.0)=   -5 ( -1.0, -1.0)=   -5 ( -1.0, -1.0)=   -5 ( -1.0, -1.0)=   -5 ( -1.0, -1.0)=   -5 ( -1.0, -1.0)=   -5 
     69 | ( 76.0,138.0)= 4167 ( 71.1,137.8)=    0 ( 66.2,137.7)=    0 ( 61.4,137.5)=    0 ( 56.6,137.3)=    0 ( 51.9,137.2)=    0 ( 47.1,137.0)=    0 ( 42.4,136.8)=    0 ( 37.8,136.6)=    0 ( 33.1,136.5)=    0 
     70 | ( 43.0,116.0)= 4050 ( 38.1,115.9)=    0 ( 33.2,115.7)=    0 ( 28.4,115.6)=    0 ( -1.0, -1.0)=   -4 ( -1.0, -1.0)=   -4 ( -1.0, -1.0)=   -4 ( -1.0, -1.0)=   -4 ( -1.0, -1.0)=   -4 ( -1.0, -1.0)=   -4 
     71 | (137.0, 77.0)= 3854 (134.8, 77.0)=    0 (132.5, 77.0)=    0 (130.4, 76.9)=    0 (128.1, 76.8)=    0 (126.0, 76.8)=    0 (123.8, 76.8)=    0 (121.7, 76.8)=    0 (119.6, 76.7)=    0 (117.5, 76.7)=    0 
     72 | (257.0, 87.0)= 3842 (254.8, 87.0)=    0 (252.7, 86.9)=    0 (250.6, 86.9)=    0 (248.6, 86.9)=    0 (246.5, 86.8)=    0 (244.5, 86.8)=    0 (242.4, 86.9)=    0 (240.4, 86.9)=    0 (238.3, 87.0)=    0 
     73 | (255.0,165.0)= 3596 (251.7,165.3)=    0 (248.4,165.4)=    0 (245.2,165.7)=    0 (241.9,165.8)=    0 (238.7,166.1)=    0 (235.5,166.5)=    0 (232.3,166.7)=    0 (229.0,167.1)=    0 (225.7,167.7)=    0 
     74 | (225.0,212.0)= 3560 (219.3,212.3)=    0 (213.5,212.6)=    0 (207.8,213.0)=    0 (202.1,213.4)=    0 (196.4,213.9)=    0 (190.8,214.7)=    0 ( -1.0, -1.0)=   -4 ( -1.0, -1.0)=   -4 ( -1.0, -1.0)=   -4 
     75 | ( 32.0, 71.0)= 3534 ( 27.4, 70.9)=    0 ( -1.0, -1.0)=   -4 ( -1.0, -1.0)=   -4 ( -1.0, -1.0)=   -4 ( -1.0, -1.0)=   -4 ( -1.0, -1.0)=   -4 ( -1.0, -1.0)=   -4 ( -1.0, -1.0)=   -4 ( -1.0, -1.0)=   -4 
     76 | (104.0,151.0)= 3520 (101.1,150.9)=    0 ( 98.0,150.8)=    0 ( 95.0,150.7)=    0 ( 92.2,150.6)=    0 ( 89.3,150.5)=    0 ( 86.5,150.4)=    0 ( 83.6,150.3)=    0 ( 80.8,150.2)=    0 ( 78.0,150.1)=    0 
     77 | (160.0,118.0)= 3401 (157.8,117.9)=    0 (155.6,117.9)=    0 (153.4,117.8)=    0 (151.3,117.8)=    0 (149.2,117.7)=    0 (147.0,117.7)=    0 (145.0,117.6)=    0 (142.9,117.6)=    0 (140.8,117.5)=    0 
     78 | ( 72.0,188.0)= 3349 ( 67.2,187.8)=    0 ( 62.3,187.5)=    0 ( 57.5,187.3)=    0 ( 52.7,187.0)=    0 ( 48.1,186.7)=    0 ( 43.4,186.4)=    0 ( 38.8,186.1)=    0 ( 34.2,185.9)=    0 ( 29.6,185.6)=    0 
     79 | (121.0,115.0)= 3281 (118.1,115.0)=    0 (115.3,115.0)=    0 (112.4,114.9)=    0 (109.6,114.9)=    0 (106.7,114.9)=    0 (103.9,114.8)=    0 (101.0,114.7)=    0 ( 98.3,114.7)=    0 ( 95.6,114.7)=    0 
     80 | (121.0,203.0)= 3278 (117.3,202.9)=    0 (113.6,202.9)=    0 (110.0,202.8)=    0 (106.5,202.8)=    0 (102.9,202.8)=    0 ( 99.3,202.7)=    0 ( 95.8,202.7)=    0 ( 92.2,202.6)=    0 ( 88.6,202.6)=    0 
     81 | (222.0, 71.0)= 3261 (220.2, 70.0)=    0 (218.4, 69.2)=    0 (216.3, 68.8)=    0 (214.0, 68.7)=    0 (211.5, 68.9)=    0 (208.9, 69.0)=    0 (206.4, 69.2)=    0 (203.9, 69.6)=    0 (201.6, 70.1)=    0 
     82 | (237.0,212.0)= 3236 (231.9,212.1)=    0 (226.7,212.1)=    0 (221.6,212.2)=    0 (216.5,212.2)=    0 (211.4,212.2)=    0 (206.3,212.2)=    0 (201.2,212.2)=    0 (196.1,212.1)=    0 (191.1,212.0)=    0 
     83 | ( 95.0, 42.0)= 3223 ( 92.2, 41.9)=    0 ( 89.4, 41.8)=    0 ( 86.7, 41.7)=    0 ( 84.1, 41.6)=    0 ( 81.5, 41.7)=    0 ( 79.0, 41.8)=    0 ( 76.5, 41.8)=    0 ( 74.0, 41.9)=    0 ( 71.5, 42.0)=    0 
     84 | (281.0,115.0)= 3171 (277.0,115.8)=    0 (273.0,116.5)=    0 (269.1,117.2)=    0 (265.1,117.9)=    0 (261.1,118.5)=    0 (257.4,118.9)=    0 (253.7,119.2)=    0 (249.9,119.4)=    0 (245.7,119.7)=    0 
     85 | ( 31.0,105.0)= 3129 ( 26.3,104.8)=    0 ( -1.0, -1.0)=   -4 ( -1.0, -1.0)=   -4 ( -1.0, -1.0)=   -4 ( -1.0, -1.0)=   -4 ( -1.0, -1.0)=   -4 ( -1.0, -1.0)=   -4 ( -1.0, -1.0)=   -4 ( -1.0, -1.0)=   -4 
     86 | (203.0,187.0)= 3114 (197.9,187.0)=    0 (192.7,187.0)=    0 (187.6,186.9)=    0 (182.4,186.8)=    0 (177.4,186.7)=    0 (172.3,186.6)=    0 (167.1,186.5)=    0 (162.0,186.4)=    0 (156.9,186.3)=    0 
     87 | (152.0, 90.0)= 3112 (149.9, 90.0)=    0 (147.6, 89.9)=    0 (145.5, 89.9)=    0 (143.3, 89.8)=    0 (141.2, 89.8)=    0 (139.1, 89.8)=    0 (137.1, 89.8)=    0 (135.0, 89.8)=    0 (133.0, 89.7)=    0 
     88 | (168.0, 70.0)= 2979 (165.8, 70.0)=    0 (163.6, 70.0)=    0 (161.5, 70.0)=    0 (159.3, 69.9)=    0 (157.2, 69.9)=    0 (155.1, 69.9)=    0 (152.9, 69.8)=    0 (150.8, 69.8)=    0 (148.7, 69.8)=    0 
     89 | ( 76.0,173.0)= 2897 ( 71.2,172.9)=    0 ( 66.4,172.7)=    0 ( 61.7,172.5)=    0 ( 56.9,172.3)=    0 ( 52.3,172.1)=    0 ( 47.6,171.9)=    0 ( 43.1,171.7)=    0 ( 38.6,171.6)=    0 ( 34.0,171.3)=    0 
     90 | (138.0, 88.0)= 2814 (135.8, 87.8)=    0 (133.5, 87.6)=    0 (131.3, 87.5)=    0 (129.2, 87.4)=    0 (127.0, 87.4)=    0 (124.9, 87.3)=    0 (122.8, 87.3)=    0 (120.8, 87.3)=    0 (118.7, 87.2)=    0 
     91 | ( 88.0,213.0)= 2768 ( 83.4,212.8)=    0 ( 78.9,212.5)=    0 ( 74.4,212.3)=    0 ( 70.0,212.0)=    0 ( 65.6,211.7)=    0 ( 61.3,211.4)=    0 ( 57.1,211.1)=    0 ( 52.8,210.9)=    0 ( 48.5,210.6)=    0 
     92 | (184.0, 87.0)= 2712 (181.7, 87.0)=    0 (179.5, 86.9)=    0 (177.3, 86.9)=    0 (174.8, 87.0)=    0 (172.3, 86.1)=    0 (170.2, 84.0)=    0 (168.2, 82.5)=    0 (166.1, 81.6)=    0 (163.9, 81.0)=    0 
     93 | ( 52.0,140.0)= 2658 ( 47.2,139.8)=    0 ( 42.4,139.5)=    0 ( 37.5,139.4)=    0 ( 32.7,139.1)=    0 ( 28.0,138.9)=    0 ( -1.0, -1.0)=   -4 ( -1.0, -1.0)=   -4 ( -1.0, -1.0)=   -4 ( -1.0, -1.0)=   -4 
     94 | (245.0,101.0)= 2561 (241.4,100.2)=    0 (237.8, 99.6)=    0 (234.2, 99.1)=    0 (230.7, 98.4)=    0 (227.2, 97.6)=    0 (223.7, 96.9)=    0 (220.3, 96.2)=    0 (216.8, 95.8)=    0 (213.6, 95.6)=    0 
     95 | (226.0, 40.0)= 2561 (224.0, 40.0)=    0 (221.9, 40.0)=    0 (219.9, 40.1)=    0 (217.9, 40.1)=    0 (215.9, 40.1)=    0 (214.0, 40.1)=    0 (212.0, 40.1)=    0 (210.0, 40.1)=    0 (208.0, 40.2)=    0 
     96 | ( 82.0,198.0)= 2527 ( 77.2,197.7)=    0 ( 72.4,197.5)=    0 ( 67.6,197.2)=    0 ( 63.0,197.0)=    0 ( 58.3,196.7)=    0 ( 53.7,196.4)=    0 ( 49.1,196.1)=    0 ( 44.5,195.7)=    0 ( 39.9,195.5)=    0 
     97 | (215.0,190.0)= 2506 (209.7,190.1)=    0 (204.5,190.2)=    0 (199.3,190.3)=    0 (194.1,190.3)=    0 (188.9,190.3)=    0 (183.8,190.3)=    0 (178.6,190.2)=    0 (173.4,190.2)=    0 (168.0,190.2)=    0 
     98 | (169.0,129.0)= 2406 (164.9,129.2)=    0 (161.2,129.6)=    0 (157.8,129.8)=    0 (154.2,130.0)=    0 (150.4,130.0)=    0 (146.8,129.8)=    0 (143.2,129.7)=    0 (139.6,129.7)=    0 (136.0,129.6)=    0 
     99 | (134.0,197.0)= 2403 ( -1.0, -1.0)=   -5 ( -1.0, -1.0)=   -5 ( -1.0, -1.0)=   -5 ( -1.0, -1.0)=   -5 ( -1.0, -1.0)=   -5 ( -1.0, -1.0)=   -5 ( -1.0, -1.0)=   -5 ( -1.0, -1.0)=   -5 ( -1.0, -1.0)=   -5 
    100 | (193.0,117.0)= 2375 (189.6,117.0)=    0 (186.2,116.9)=    0 (182.8,117.0)=    0 (179.9,117.2)=    0 (177.0,117.5)=    0 (174.2,117.7)=    0 (171.2,117.9)=    0 (167.6,117.8)=    0 (163.7,117.8)=    0 
    101 | (124.0, 42.0)= 2350 (121.3, 42.0)=    0 (118.5, 41.9)=    0 (115.7, 41.9)=    0 (113.1, 41.9)=    0 (110.4, 41.9)=    0 (107.7, 41.9)=    0 (105.1, 41.8)=    0 (102.5, 41.8)=    0 ( 99.8, 41.8)=    0 
    102 | ( 64.0,171.0)= 2213 ( 59.2,170.8)=    0 ( 54.3,170.6)=    0 ( 49.5,170.3)=    0 ( 44.7,170.0)=    0 ( 40.0,169.8)=    0 ( 35.3,169.5)=    0 ( 30.7,169.3)=    0 ( 26.1,169.0)=    0 ( -1.0, -1.0)=   -4 
    103 | (135.0,108.0)= 2210 (132.3,107.8)=    0 (129.6,107.5)=    0 (127.0,107.3)=    0 (124.3,107.0)=    0 (121.7,106.9)=    0 (119.1,106.7)=    0 (116.5,106.5)=    0 (113.8,106.4)=    0 (111.2,106.3)=    0 
    104 | (264.0,191.0)= 2172 (260.8,191.5)=    0 (257.7,192.2)=    0 (254.7,192.8)=    0 (251.5,193.3)=    0 (248.2,193.8)=    0 (244.7,194.3)=    0 (241.1,194.7)=    0 (237.3,195.2)=    0 (233.3,195.5)=    0 
    105 | (247.0,214.0)= 2154 (241.9,214.1)=    0 (236.7,214.2)=    0 (231.6,214.3)=    0 (226.5,214.4)=    0 (221.4,214.4)=    0 (216.4,214.5)=    0 (211.3,214.5)=    0 (206.2,214.5)=    0 (201.1,214.5)=    0 
    106 | (253.0,125.0)= 2117 (249.3,124.8)=    0 (245.6,124.7)=    0 (241.8,124.7)=    0 (239.1,124.6)=    0 (236.9,124.6)=    0 (234.5,124.6)=    0 (232.2,124.4)=    0 (230.1,124.4)=    0 (228.0,124.4)=    0 
    107 | (154.0,140.0)= 2109 (150.3,140.0)=    0 (146.7,140.0)=    0 (143.1,139.9)=    0 (139.6,139.7)=    0 (135.9,139.6)=    0 (132.4,139.5)=    0 (129.0,139.3)=    0 (125.5,139.1)=    0 (122.1,138.8)=    0 
    108 | (108.0, 58.0)= 2070 (105.3, 58.1)=    0 (102.6, 58.2)=    0 ( 99.9, 58.4)=    0 ( 97.2, 58.7)=    0 ( 94.7, 58.8)=    0 ( 92.3, 59.0)=    0 ( 90.0, 59.1)=    0 ( 87.6, 59.2)=    0 ( 85.4, 59.3)=    0 
    109 | (134.0,168.0)= 2068 (131.3,167.9)=    0 (128.5,167.8)=    0 (125.8,167.7)=    0 (123.0,167.6)=    0 (120.2,167.6)=    0 (117.1,167.6)=    0 (113.7,167.7)=    0 (110.3,167.9)=    0 (106.7,168.2)=    0 
    110 | (274.0,125.0)= 2008 (271.8,125.0)=    0 (269.7,125.1)=    0 (267.5,125.1)=    0 (265.2,125.0)=    0 ( -1.0, -1.0)=   -5 ( -1.0, -1.0)=   -5 ( -1.0, -1.0)=   -5 ( -1.0, -1.0)=   -5 ( -1.0, -1.0)=   -5 
    111 | (108.0, 40.0)= 1968 (105.4, 40.0)=    0 (102.6, 39.9)=    0 ( 99.8, 39.8)=    0 ( 97.1, 39.8)=    0 ( 94.4, 39.7)=    0 ( 91.8, 39.7)=    0 ( 89.1, 39.6)=    0 ( 86.5, 39.6)=    0 ( 83.9, 39.6)=    0 
    112 | (131.0,133.0)= 1936 (128.2,132.9)=    0 (125.5,132.8)=    0 (122.9,132.5)=    0 (120.2,132.4)=    0 (117.4,132.2)=    0 (114.9,131.9)=    0 (112.2,131.7)=    0 (109.6,131.5)=    0 (107.0,131.2)=    0 
    113 | ( 56.0,161.0)= 1899 ( 51.2,160.7)=    0 ( 46.3,160.5)=    0 ( 41.5,160.2)=    0 ( 36.6,160.0)=    0 ( 32.0,159.7)=    0 ( 27.3,159.5)=    0 ( -1.0, -1.0)=   -4 ( -1.0, -1.0)=   -4 ( -1.0, -1.0)=   -4 
    114 | ( 78.0,116.0)= 1717 ( 73.2,115.9)=    0 ( 68.2,115.8)=    0 ( 63.4,115.7)=    0 ( 58.6,115.5)=    0 ( 53.9,115.4)=    0 ( 49.2,115.2)=    0 ( 44.5,115.0)=    0 ( 39.8,114.9)=    0 ( 35.3,114.7)=    0 
    115 | (139.0,183.0)= 1697 (135.2,183.3)=    0 (131.3,183.5)=    0 (127.5,183.8)=    0 (123.7,184.0)=    0 (119.9,184.3)=    0 (116.0,184.5)=    0 (112.3,184.6)=    0 (108.7,184.4)=    0 (105.0,184.4)=    0 
    116 | (214.0,135.0)= 1679 (209.9,135.0)=    0 (205.7,135.0)=    0 (201.6,135.0)=    0 (197.5,135.1)=    0 (193.4,135.1)=    0 (189.2,135.1)=    0 (185.2,135.0)=    0 (181.1,135.1)=    0 (177.0,135.1)=    0 
    117 | (200.0, 87.0)= 1589 (196.3, 87.1)=    0 (192.6, 87.1)=    0 (188.9, 87.0)=    0 (185.3, 87.0)=    0 (181.7, 87.0)=    0 (178.1, 87.0)=    0 (174.4, 87.1)=    0 (171.0, 87.2)=    0 (167.4, 87.4)=    0 
    118 | ( 31.0,115.0)= 1481 ( 26.3,115.0)=    0 ( -1.0, -1.0)=   -4 ( -1.0, -1.0)=   -4 ( -1.0, -1.0)=   -4 ( -1.0, -1.0)=   -4 ( -1.0, -1.0)=   -4 ( -1.0, -1.0)=   -4 ( -1.0, -1.0)=   -4 ( -1.0, -1.0)=   -4 
    119 | (157.0, 70.0)= 1463 (154.8, 70.0)=    0 (152.6, 69.9)=    0 (150.5, 69.9)=    0 (148.4, 69.9)=    0 (146.2, 69.9)=    0 (144.1, 69.9)=    0 (142.0, 69.9)=    0 (139.9, 69.9)=    0 (137.8, 69.8)=    0 
    120 | (295.0,148.0)= 1430 (290.9,148.1)=    0 (286.8,148.2)=    0 (282.7,148.2)=    0 (278.5,148.4)=    0 (274.4,148.4)=    0 (270.3,148.5)=    0 (266.2,148.6)=    0 (262.1,148.5)=    0 (258.0,148.5)=    0 
    121 | (213.0,125.0)= 1357 (208.9,125.0)=    0 (204.8,125.0)=    0 (200.7,125.0)=    0 (196.6,125.0)=    0 (192.5,125.0)=    0 (188.4,125.0)=    0 (184.4,125.0)=    0 (180.3,125.1)=    0 (176.2,125.0)=    0 
    122 | (266.0, 62.0)= 1293 (263.9, 62.0)=    0 (261.7, 61.9)=    0 (259.7, 62.0)=    0 (257.6, 62.0)=    0 (255.5, 62.0)=    0 (253.5, 62.0)=    0 (251.4, 62.0)=    0 (249.4, 61.9)=    0 (247.2, 61.9)=    0 
    123 | ( 88.0,114.0)= 1282 ( 84.2,113.8)=    0 ( 78.1,113.8)=    0 ( 73.4,113.6)=    0 ( 68.9,113.4)=    0 ( 64.5,113.2)=    0 ( 59.9,113.1)=    0 ( 55.4,113.0)=    0 ( 51.0,112.8)=    0 ( 47.5,112.5)=    0 
    124 | (149.0, 40.0)= 1266 (147.9, 40.1)=    0 (146.7, 40.1)=    0 (145.8, 40.1)=    0 (144.7, 40.1)=    0 (143.8, 40.1)=    0 (142.8, 40.1)=    0 (141.9, 40.1)=    0 (140.9, 40.1)=    0 (139.9, 40.1)=    0 
    125 | (251.0, 36.0)= 1256 (249.9, 36.0)=    0 (248.8, 35.8)=    0 (247.8, 35.7)=    0 (246.8, 35.6)=    0 (245.8, 35.5)=    0 (244.8, 35.4)=    0 (243.7, 35.3)=    0 (242.8, 35.3)=    0 (241.7, 35.2)=    0 
    126 | (195.0,105.0)= 1248 (191.3,104.9)=    0 (187.3,104.9)=    0 (183.6,104.8)=    0 (180.3,104.7)=    0 (176.6,104.6)=    0 (172.8,104.5)=    0 (169.1,104.5)=    0 (165.4,104.5)=    0 (161.7,104.4)=    0 
    127 | (208.0,158.0)= 1228 (203.7,158.1)=    0 (199.5,158.1)=    0 (195.2,158.0)=    0 (191.1,158.0)=    0 (186.8,158.0)=    0 (182.7,158.0)=    0 (178.5,158.0)=    0 (174.3,157.9)=    0 (170.2,157.9)=    0 
    128 | ( 65.0,149.0)= 1211 ( 60.0,148.8)=    0 ( 54.9,148.5)=    0 ( 50.1,148.3)=    0 ( 45.3,148.1)=    0 ( 40.5,147.9)=    0 ( 35.7,147.6)=    0 ( 31.0,147.4)=    0 ( 26.3,147.2)=    0 ( -1.0, -1.0)=   -4 
    129 | (172.0, 60.0)= 1210 (169.9, 60.0)=    0 (167.8, 60.0)=    0 (165.7, 60.0)=    0 (163.5, 59.9)=    0 (161.4, 59.9)=    0 (159.4, 59.9)=    0 (157.3, 59.9)=    0 (155.3, 59.9)=    0 (153.2, 59.9)=    0 
    130 | ( 46.0,173.0)= 1205 ( 41.1,172.7)=    0 ( 36.3,172.5)=    0 ( 31.6,172.2)=    0 ( 26.8,171.9)=    0 ( -1.0, -1.0)=   -4 ( -1.0, -1.0)=   -4 ( -1.0, -1.0)=   -4 ( -1.0, -1.0)=   -4 ( -1.0, -1.0)=   -4 
    131 | ( 85.0, 24.0)= 1192 ( 82.3, 24.0)=    0 ( -1.0, -1.0)=   -4 ( -1.0, -1.0)=   -4 ( -1.0, -1.0)=   -4 ( -1.0, -1.0)=   -4 ( -1.0, -1.0)=   -4 ( -1.0, -1.0)=   -4 ( -1.0, -1.0)=   -4 ( -1.0, -1.0)=   -4 
    132 | (174.0, 90.0)= 1177 (171.7, 90.0)=    0 (169.5, 90.0)=    0 (167.4, 89.9)=    0 (165.2, 89.9)=    0 (163.0, 89.9)=    0 (160.9, 89.8)=    0 (158.9, 89.8)=    0 (156.7, 89.8)=    0 (154.0, 89.8)=    0 
    133 | (190.0,182.0)= 1143 (185.6,181.8)=    0 (181.2,181.7)=    0 (176.9,181.5)=    0 (172.5,181.4)=    0 (168.2,181.2)=    0 (163.8,181.1)=    0 (159.6,180.9)=    0 (155.3,180.7)=    0 (151.0,180.6)=    0 
    134 | (131.0,143.0)= 1086 (128.2,142.8)=    0 (125.4,142.7)=    0 (122.7,142.4)=    0 (120.1,142.2)=    0 (117.3,142.1)=    0 (114.7,141.8)=    0 (112.1,141.5)=    0 (109.4,141.3)=    0 (106.8,141.0)=    0 
    135 | (203.0,115.0)= 1065 (199.1,114.9)=    0 (195.1,114.9)=    0 (191.1,114.8)=    0 (187.1,114.9)=    0 (183.2,114.8)=    0 (179.3,114.7)=    0 (175.6,114.7)=    0 (171.7,114.6)=    0 (167.7,114.6)=    0 
    136 | (289.0, 61.0)= 1048 (286.4, 60.8)=    0 (283.8, 60.7)=    0 (281.6, 60.5)=    0 (279.5, 60.5)=    0 (277.6, 60.5)=    0 (275.5, 60.5)=    0 (273.5, 60.5)=    0 (271.4, 60.5)=    0 (269.3, 60.5)=    0 
    137 | ( 78.0,215.0)= 1016 ( 73.4,214.6)=    0 ( 68.7,214.3)=    0 ( 64.1,214.0)=    0 ( 59.7,213.5)=    0 ( 55.0,213.3)=    0 ( 50.3,213.0)=    0 ( 46.0,212.5)=    0 ( 41.5,212.2)=    0 ( 37.1,211.8)=    0 
    138 | (212.0, 80.0)= 1005 (208.5, 80.0)=    0 (204.9, 80.0)=    0 (201.5, 80.0)=    0 (198.0, 80.0)=    0 (194.5, 80.0)=    0 (191.0, 80.1)=    0 (187.5, 80.0)=    0 (184.1, 80.1)=    0 (180.6, 80.0)=    0 
    139 | (241.0,112.0)=  987 (237.2,112.0)=    0 (233.4,111.9)=    0 (229.5,111.8)=    0 (226.0,111.6)=    0 (222.9,111.0)=    0 (219.6,110.4)=    0 (216.0,109.8)=    0 (212.4,109.2)=    0 (208.5,108.6)=    0 
    140 | (187.0,204.0)=  984 ( -1.0, -1.0)=   -4 ( -1.0, -1.0)=   -4 ( -1.0, -1.0)=   -4 ( -1.0, -1.0)=   -4 ( -1.0, -1.0)=   -4 ( -1.0, -1.0)=   -4 ( -1.0, -1.0)=   -4 ( -1.0, -1.0)=   -4 ( -1.0, -1.0)=   -4 
    141 | (194.0, 36.0)=  889 (192.9, 36.0)=    0 (191.9, 36.0)=    0 (190.9, 36.2)=    0 (189.9, 36.1)=    0 (189.0, 36.2)=    0 (188.1, 36.1)=    0 (187.1, 36.1)=    0 (186.2, 36.2)=    0 (185.3, 36.2)=    0 
    142 | (195.0,172.0)=  879 (190.6,172.0)=    0 (186.2,172.0)=    0 (181.8,171.9)=    0 (177.4,171.8)=    0 (173.1,171.7)=    0 (168.7,171.6)=    0 (164.4,171.6)=    0 (160.2,171.5)=    0 (155.8,171.4)=    0 
    143 | (247.0,147.0)=  868 (243.0,147.1)=    0 (238.9,147.0)=    0 (234.9,147.1)=    0 (230.8,147.1)=    0 (226.8,147.1)=    0 (222.8,147.1)=    0 (218.7,147.1)=    0 (214.7,147.1)=    0 (210.7,147.1)=    0 
    144 | (197.0,127.0)=  819 (193.2,127.0)=    0 (189.3,126.9)=    0 (185.6,126.8)=    0 (181.8,126.8)=    0 (178.0,126.6)=    0 (174.3,126.5)=    0 (170.6,126.4)=    0 (166.9,126.4)=    0 (163.1,126.2)=    0 
    145 | (147.0, 70.0)=  819 (144.8, 70.0)=    0 (142.7, 70.0)=    0 (140.6, 69.9)=    0 (138.4, 69.9)=    0 (136.3, 69.9)=    0 (134.2, 69.8)=    0 (132.2, 69.8)=    0 (130.2, 69.8)=    0 (128.2, 69.8)=    0 
    146 | (141.0,207.0)=  810 (136.7,206.9)=    0 (132.2,206.7)=    0 (128.0,206.5)=    0 (123.8,206.3)=    0 (119.5,206.2)=    0 (115.2,205.9)=    0 (111.2,205.7)=    0 (106.9,205.5)=    0 (102.7,205.3)=    0 
    147 | ( 53.0,117.0)=  802 ( 48.0,116.9)=    0 ( 43.1,116.8)=    0 ( 38.2,116.7)=    0 ( 33.3,116.6)=    0 ( 28.6,116.5)=    0 ( -1.0, -1.0)=   -4 ( -1.0, -1.0)=   -4 ( -1.0, -1.0)=   -4 ( -1.0, -1.0)=   -4 
    148 | (294.0, 24.0)=  792 ( -1.0, -1.0)=   -4 ( -1.0, -1.0)=   -4 ( -1.0, -1.0)=   -4 ( -1.0, -1.0)=   -4 ( -1.0, -1.0)=   -4 ( -1.0, -1.0)=   -4 ( -1.0, -1.0)=   -4 ( -1.0, -1.0)=   -4 ( -1.0, -1.0)=   -4 
    149 | (268.0, 33.0)=  770 (266.9, 33.1)=    0 (265.8, 33.0)=    0 (264.7, 33.0)=    0 (263.5, 33.0)=    0 (262.5, 33.0)=    0 (261.5, 33.0)=    0 (260.5, 33.0)=    0 (259.5, 33.0)=    0 (258.4, 33.0)=    0 
