Feel free to place comments here.


!!!!!!!!!!!!!!!!!!!!!!!!!!!!!!!!!!!!!!!!!!!!!!!!!!!!!!!!!!!!!!!!!!!!!!!!!
!!! Warning:  This is a KLT data file.  Do not modify below this line !!!

------------------------------
KLT Feature Table
------------------------------

nFrames = 10, nFeatures = 150

feature |          frame
        |               0               1               2               3               4               5               6               7               8               9
--------+-----------------------------------------------------------------------------------------------------------------------------------------------------------------
      0 | ( 86, 71)=30785 ( 81, 71)=    0 ( 81, 71)=    0 ( 72, 71)=    0 ( 68, 71)=    0 ( 63, 71)=    0 ( 59, 71)=    0 ( 54, 71)=    0 ( 50, 70)=    0 ( 46, 70)=    0 
      1 | ( 25,137)=26254 ( -1, -1)=   -4 ( -1, -1)=   -4 ( -1, -1)=   -4 ( -1, -1)=   -4 ( -1, -1)=   -4 ( -1, -1)=   -4 ( -1, -1)=   -4 ( -1, -1)=   -4 ( -1, -1)=   -4 
      2 | (257, 97)=26179 (255, 97)=    0 (255, 97)=    0 (251, 97)=    0 (249, 97)=    0 (247, 97)=    0 (245, 97)=    0 (243, 97)=    0 (241, 97)=    0 (238, 97)=    0 
      3 | (247, 89)=23658 (245, 89)=    0 (245, 89)=    0 (241, 89)=    0 (239, 89)=    0 (237, 89)=    0 (234, 89)=    0 (232, 89)=    0 (230, 89)=    0 (228, 89)=    0 
      4 | (274, 73)=23339 (272, 73)=    0 (272, 73)=    0 (268, 73)=    0 (266, 73)=    0 (264, 73)=    0 ( -1, -1)=   -5 ( -1, -1)=   -5 ( -1, -1)=   -5 ( -1, -1)=   -5 
      5 | ( 98,138)=22970 ( 95,138)=    0 ( 95,138)=    0 ( 89,138)=    0 ( 86,138)=    0 ( 83,138)=    0 ( 80,138)=    0 ( 78,138)=    0 ( 75,138)=    0 ( 72,137)=    0 
      6 | (281,146)=22602 (277,146)=    0 (277,146)=    0 (269,146)=    0 (266,146)=    0 (262,146)=    0 (258,146)=    0 (254,146)=    0 (250,146)=    0 (246,146)=    0 
      7 | (261, 73)=21562 (259, 73)=    0 (259, 73)=    0 (255, 73)=    0 (253, 73)=    0 (251, 73)=    0 (248, 73)=    0 (246, 73)=    0 (244, 73)=    0 (242, 73)=    0 
      8 | (241, 72)=20968 (239, 72)=    0 (239, 72)=    0 (235, 72)=    0 (233, 72)=    0 (231, 72)=    0 (228, 72)=    0 (226, 72)=    0 (224, 72)=    0 (222, 72)=    0 
      9 | ( 98,117)=20894 ( 95,117)=    0 ( 95,117)=    0 ( 89,117)=    0 ( 86,117)=    0 ( 83,117)=    0 ( 80,117)=    0 ( 77,117)=    0 ( 74,117)=    0 ( 72,116)=    0 
     10 | (271, 92)=20086 (269, 92)=    0 (269, 92)=    0 (265, 92)=    0 (263, 92)=    0 (261, 92)=    0 (258, 92)=    0 (256, 92)=    0 ( -1, -1)=   -5 ( -1, -1)=   -5 
     11 | (260,145)=18628 (256,145)=    0 (256,145)=    0 (250,145)=    0 (247,145)=    0 (244,145)=    0 (241,145)=    0 (238,145)=    0 (235,145)=    0 (232,145)=    0 
     12 | (251, 73)=18466 (249, 73)=    0 (249, 73)=    0 (245, 73)=    0 (243, 73)=    0 (241, 73)=    0 (239, 73)=    0 (237, 73)=    0 (234, 73)=    0 (232, 73)=    0 
     13 | (290,196)=18380 (286,196)=    0 (286,196)=    0 (279,197)=    0 (275,197)=    0 (271,197)=    0 (267,197)=    0 (263,197)=    0 (260,197)=    0 (256,198)=    0 
     14 | (150,122)=16856 (148,122)=    0 (148,122)=    0 (144,122)=    0 (141,122)=    0 (139,122)=    0 (137,122)=    0 (135,122)=    0 (133,122)=    0 (131,122)=    0 
     15 | (292, 84)=16443 (288, 84)=    0 (288, 84)=    0 (280, 84)=    0 (276, 84)=    0 (272, 84)=    0 (267, 84)=    0 (264, 84)=    0 (259, 84)=    0 (255, 84)=    0 
     16 | (284, 74)=16180 ( -1, -1)=   -5 ( -1, -1)=   -5 ( -1, -1)=   -5 ( -1, -1)=   -5 ( -1, -1)=   -5 ( -1, -1)=   -5 ( -1, -1)=   -5 ( -1, -1)=   -5 ( -1, -1)=   -5 
     17 | (138,122)=15954 (135,122)=    0 (135,122)=    0 (130,122)=    0 (128,122)=    0 (125,122)=    0 (123,122)=    0 (121,122)=    0 (118,122)=    0 (116,122)=    0 
     18 | (173,189)=15545 (168,189)=    0 (168,189)=    0 (159,189)=    0 (154,189)=    0 (150,188)=    0 (145,188)=    0 (141,188)=    0 (136,188)=    0 (132,188)=    0 
     19 | (111,112)=15398 (108,112)=    0 (108,112)=    0 (102,112)=    0 ( 99,112)=    0 ( 96,112)=    0 ( 94,112)=    0 ( 91,112)=    0 ( 88,112)=    0 ( 85,112)=    0 
     20 | (282, 89)=14747 ( -1, -1)=   -5 ( -1, -1)=   -5 ( -1, -1)=   -5 ( -1, -1)=   -5 ( -1, -1)=   -5 ( -1, -1)=   -5 ( -1, -1)=   -5 ( -1, -1)=   -5 ( -1, -1)=   -5 
     21 | (112,141)=14339 (109,141)=    0 (109,141)=    0 (103,141)=    0 (100,141)=    0 ( 98,141)=    0 ( 95,141)=    0 ( 92,141)=    0 ( 89,140)=    0 ( 86,140)=    0 
     22 | (258,109)=14158 (256,109)=    0 (256,109)=    0 (252,109)=    0 (250,109)=    0 (248,109)=    0 (246,109)=    0 (244,109)=    0 (241,109)=    0 (239,109)=    0 
     23 | ( 94,166)=13366 ( 89,166)=    0 ( 89,166)=    0 ( 80,166)=    0 ( 76,166)=    0 ( 72,165)=    0 ( 67,165)=    0 ( 63,165)=    0 ( 59,165)=    0 ( 54,164)=    0 
     24 | ( 92, 90)=13192 ( 87, 90)=    0 ( 87, 90)=    0 ( 78, 90)=    0 ( 74, 90)=    0 ( 69, 90)=    0 ( 65, 90)=    0 ( 60, 90)=    0 ( 56, 90)=    0 ( 52, 90)=    0 
     25 | (291,113)=12843 (287,113)=    0 (287,113)=    0 (279,113)=    0 (275,113)=    0 (271,113)=    0 (267,113)=    0 (263,113)=    0 (259,113)=    0 (254,113)=    0 
     26 | (142, 98)=12619 (140, 98)=    0 (140, 98)=    0 (136, 98)=    0 (133, 98)=    0 (131, 98)=    0 (129, 98)=    0 (127, 98)=    0 (125, 98)=    0 (123, 98)=    0 
     27 | ( 94,177)=12395 ( 90,177)=    0 ( 90,177)=    0 ( 81,177)=    0 ( 76,177)=    0 ( 72,177)=    0 ( 67,176)=    0 ( 63,176)=    0 ( 59,176)=    0 ( 55,176)=    0 
     28 | (118, 59)=12295 ( -1, -1)=   -5 ( -1, -1)=   -5 ( -1, -1)=   -5 ( -1, -1)=   -5 ( -1, -1)=   -5 ( -1, -1)=   -5 ( -1, -1)=   -5 ( -1, -1)=   -5 ( -1, -1)=   -5 
     29 | (113,213)=11954 (109,213)=    0 (109,213)=    0 (102,213)=    0 ( 98,213)=    0 ( 94,212)=    0 ( 90,212)=    0 ( 86,212)=    0 ( 83,212)=    0 ( 79,212)=    0 
     30 | (151, 60)=11689 (149, 60)=    0 (149, 60)=    0 (145, 60)=    0 (142, 60)=    0 (140, 60)=    0 (138, 60)=    0 (136, 60)=    0 (134, 60)=    0 (132, 60)=    0 
     31 | ( 94,148)=11458 ( -1, -1)=   -5 ( -1, -1)=   -5 ( -1, -1)=   -5 ( -1, -1)=   -5 ( -1, -1)=   -5 ( -1, -1)=   -5 ( -1, -1)=   -5 ( -1, -1)=   -5 ( -1, -1)=   -5 
     32 | (131,207)=11096 (127,207)=    0 (127,207)=    0 (119,207)=    0 (114,207)=    0 (110,206)=    0 (106,206)=    0 (101,206)=    0 ( 97,206)=    0 ( 93,206)=    0 
     33 | (287,160)=10966 (283,160)=    0 (283,160)=    0 (276,161)=    0 (272,161)=    0 (268,161)=    0 (264,161)=    0 (260,161)=    0 (256,161)=    0 (252,162)=    0 
     34 | (102,214)=10641 ( 98,214)=    0 ( 98,214)=    0 ( 90,214)=    0 ( 87,214)=    0 ( 83,213)=    0 ( 79,213)=    0 ( 75,213)=    0 ( 72,213)=    0 ( 68,213)=    0 
     35 | (268,106)=10529 (266,106)=    0 (266,106)=    0 (262,106)=    0 (260,106)=    0 (257,106)=    0 (255,106)=    0 (253,106)=    0 (251,106)=    0 ( -1, -1)=   -5 
     36 | ( 52, 64)=10204 ( 50, 64)=    0 ( 50, 64)=    0 ( 44, 64)=    0 ( 42, 64)=    0 ( 39, 64)=    0 ( 37, 64)=    0 ( 34, 64)=    0 ( 32, 64)=    0 ( 29, 64)=    0 
     37 | (160,195)=10007 (155,195)=    0 (155,195)=    0 (146,195)=    0 (142,195)=    0 (137,194)=    0 (132,194)=    0 (128,194)=    0 (124,194)=    0 (119,194)=    0 
     38 | (157,103)= 9594 (155,103)=    0 (155,103)=    0 (151,103)=    0 (149,103)=    0 (146,103)=    0 (144,103)=    0 (142,103)=    0 (140,103)=    0 (138,102)=    0 
     39 | (277,203)= 9170 (272,203)=    0 (272,203)=    0 (262,204)=    0 (257,204)=    0 (252,204)=    0 (247,204)=    0 (242,204)=    0 (237,204)=    0 (231,204)=    0 
     40 | (254,184)= 9137 (251,184)=    0 (251,184)=    0 (244,185)=    0 (241,185)=    0 (237,185)=    0 (234,185)=    0 (231,185)=    0 (227,186)=    0 (224,186)=    0 
     41 | (204, 37)= 8690 (203, 37)=    0 (203, 37)=    0 (201, 37)=    0 (200, 37)=    0 (199, 37)=    0 (198, 37)=    0 (197, 37)=    0 (196, 37)=    0 (195, 37)=    0 
     42 | (277,214)= 7976 (272,214)=    0 (272,214)=    0 (262,214)=    0 (257,214)=    0 (252,215)=    0 (247,215)=    0 (242,215)=    0 (236,215)=    0 (231,215)=    0 
     43 | (203, 70)= 7886 (202, 70)=    0 (202, 70)=    0 (200, 70)=    0 (199, 70)=    0 (198, 70)=    0 (197, 70)=    0 (196, 70)=    0 (195, 70)=    0 (194, 70)=    0 
     44 | (139, 58)= 7794 (137, 58)=    0 (137, 58)=    0 (132, 58)=    0 (130, 58)=    0 (128, 58)=    0 (126, 58)=    0 (124, 58)=    0 (122, 58)=    0 (120, 58)=    0 
     45 | (288,215)= 7778 ( -1, -1)=   -4 ( -1, -1)=   -4 ( -1, -1)=   -4 ( -1, -1)=   -4 ( -1, -1)=   -4 ( -1, -1)=   -4 ( -1, -1)=   -4 ( -1, -1)=   -4 ( -1, -1)=   -4 
     46 | (162, 60)= 7748 (160, 60)=    0 (160, 60)=    0 (156, 60)=    0 (153, 60)=    0 (151, 60)=    0 (149, 60)=    0 (147, 60)=    0 (145, 60)=    0 (143, 60)=    0 
     47 | (260,210)= 7459 (255,210)=    0 (255,210)=    0 (245,210)=    0 (240,210)=    0 (235,210)=    0 (230,210)=    0 (224,210)=    0 (219,211)=    0 (214,211)=    0 
     48 | ( 92,104)= 7224 ( 87,104)=    0 ( 87,104)=    0 ( 78,103)=    0 ( 74,103)=    0 ( 69,102)=    0 ( 65,102)=    0 ( 60,102)=    0 ( 56,101)=    0 ( 51,101)=    0 
     49 | (222,200)= 7133 (216,200)=    0 (216,200)=    0 (206,201)=    0 (200,201)=    0 (195,201)=    0 (189,202)=    0 (184,202)=    0 (179,202)=    0 (173,202)=    0 
     50 | (133,154)= 6685 (130,154)=    0 (130,154)=    0 (125,154)=    0 (122,154)=    0 (119,153)=    0 (117,153)=    0 (114,153)=    0 (111,153)=    0 (109,153)=    0 
     51 | (263,128)= 6230 (261,128)=    0 (261,128)=    0 (257,128)=    0 (255,128)=    0 (252,128)=    0 (250,128)=    0 (248,128)=    0 (246,128)=    0 (244,128)=    0 
     52 | ( 62,139)= 6219 ( 57,139)=    0 ( 57,139)=    0 ( 47,138)=    0 ( 42,138)=    0 ( 38,138)=    0 ( 33,138)=    0 ( 28,138)=    0 ( -1, -1)=   -4 ( -1, -1)=   -4 
     53 | (204,198)= 6211 (199,198)=    0 (199,198)=    0 (188,198)=    0 (183,198)=    0 (177,198)=    0 (172,198)=    0 (167,198)=    0 (161,198)=    0 (156,197)=    0 
     54 | ( 73,128)= 6004 ( 68,128)=    0 ( 68,128)=    0 ( 58,128)=    0 ( 53,127)=    0 ( 49,127)=    0 ( 44,127)=    0 ( 39,127)=    0 ( 35,127)=    0 ( 30,127)=    0 
     55 | (284,130)= 5975 ( -1, -1)=   -5 ( -1, -1)=   -5 ( -1, -1)=   -5 ( -1, -1)=   -5 ( -1, -1)=   -5 ( -1, -1)=   -5 ( -1, -1)=   -5 ( -1, -1)=   -5 ( -1, -1)=   -5 
     56 | (183, 47)= 5903 (181, 47)=    0 (181, 47)=    0 (177, 47)=    0 (175, 47)=    0 (173, 47)=    0 (171, 47)=    0 (169, 47)=    0 (166, 47)=    0 (164, 47)=    0 
     57 | (292, 94)= 5782 (288, 94)=    0 (288, 94)=    0 (280, 94)=    0 (276, 94)=    0 (272, 94)=    0 (268, 94)=    0 (264, 94)=    0 (260, 94)=    0 (256, 94)=    0 
     58 | ( 82,188)= 5408 ( 77,188)=    0 ( 77,188)=    0 ( 68,187)=    0 ( 63,187)=    0 ( 58,187)=    0 ( 54,186)=    0 ( 49,186)=    0 ( 45,186)=    0 ( 40,185)=    0 
     59 | ( 55,150)= 5367 ( 50,150)=    0 ( 50,150)=    0 ( 40,149)=    0 ( 36,149)=    0 ( 31,149)=    0 ( 26,149)=    0 ( -1, -1)=   -4 ( -1, -1)=   -4 ( -1, -1)=   -4 
     60 | ( 56,127)= 4999 ( 51,127)=    0 ( 51,127)=    0 ( 41,127)=    0 ( 37,126)=    0 ( 32,126)=    0 ( 27,126)=    0 ( -1, -1)=   -4 ( -1, -1)=   -4 ( -1, -1)=   -4 
     61 | (183,115)= 4869 (181,114)=    0 (181,114)=    0 (177,113)=    0 (174,113)=    0 (172,113)=    0 (169,113)=    0 (165,113)=    0 (162,113)=    0 (158,113)=    0 
     62 | (249,204)= 4679 (244,204)=    0 (244,204)=    0 (234,204)=    0 (229,204)=    0 (224,204)=    0 (218,205)=    0 (213,205)=    0 (208,204)=    0 (203,204)=    0 
     63 | (170,204)= 4468 (165,204)=    0 (165,204)=    0 (155,204)=    0 (151,204)=    0 (146,204)=    0 (141,204)=    0 (136,204)=    0 (131,203)=    0 (127,203)=    0 
     64 | (232,202)= 4449 (227,202)=    0 (227,202)=    0 (217,202)=    0 (212,203)=    0 (206,203)=    0 (201,203)=    0 (196,203)=    0 (191,203)=    0 (186,203)=    0 
     65 | ( 75,150)= 4414 ( 70,150)=    0 ( 70,150)=    0 ( 61,149)=    0 ( 56,149)=    0 ( 51,149)=    0 ( 46,149)=    0 ( 42,149)=    0 ( 37,149)=    0 ( 32,148)=    0 
     66 | (225, 57)= 4402 (223, 57)=    0 (223, 57)=    0 (219, 57)=    0 (217, 57)=    0 (215, 57)=    0 (213, 57)=    0 (211, 57)=    0 (209, 57)=    0 (207, 57)=    0 
     67 | (111,131)= 4337 (108,131)=    0 (108,131)=    0 (102,131)=    0 ( 99,131)=    0 ( 97,131)=    0 ( 94,131)=    0 ( 91,131)=    0 ( 88,130)=    0 ( 85,130)=    0 
     68 | (184,101)= 4184 (182,101)=    0 (182,101)=    0 (176,100)=    0 ( -1, -1)=   -5 ( -1, -1)=   -5 ( -1, -1)=   -5 ( -1, -1)=   -5 ( -1, -1)=   -5 ( -1, -1)=   -5 
     69 | ( 76,138)= 4167 ( 71,138)=    0 ( 71,138)=    0 ( 61,138)=    0 ( 57,137)=    0 ( 52,137)=    0 ( 47,137)=    0 ( 42,137)=    0 ( 38,137)=    0 ( 33,137)=    0 
     70 | ( 43,116)= 4050 ( 38,116)=    0 ( 38,116)=    0 ( 28,116)=    0 ( -1, -1)=   -4 ( -1, -1)=   -4 ( -1, -1)=   -4 ( -1, -1)=   -4 ( -1, -1)=   -4 ( -1, -1)=   -4 
     71 | (137, 77)= 3854 (135, 77)=    0 (135, 77)=    0 (130, 77)=    0 (128, 77)=    0 (126, 77)=    0 (124, 77)=    0 (122, 77)=    0 (120, 77)=    0 (118, 77)=    0 
     72 | (257, 87)= 3842 (255, 87)=    0 (255, 87)=    0 (251, 87)=    0 (249, 87)=    0 (247, 87)=    0 (245, 87)=    0 (242, 87)=    0 (240, 87)=    0 (238, 87)=    0 
     73 | (255,165)= 3596 (252,165)=    0 (252,165)=    0 (245,166)=    0 (242,166)=    0 (239,166)=    0 (236,167)=    0 (232,167)=    0 (229,167)=    0 (226,168)=    0 
     74 | (225,212)= 3560 (219,212)=    0 (219,212)=    0 (208,213)=    0 (202,213)=    0 (196,214)=    0 (191,215)=    0 ( -1, -1)=   -4 ( -1, -1)=   -4 ( -1, -1)=   -4 
     75 | ( 32, 71)= 3534 ( 27, 71)=    0 ( 27, 71)=    0 ( -1, -1)=   -4 ( -1, -1)=   -4 ( -1, -1)=   -4 ( -1, -1)=   -4 ( -1, -1)=   -4 ( -1, -1)=   -4 ( -1, -1)=   -4 
     76 | (104,151)= 3520 (101,151)=    0 (101,151)=    0 ( 95,151)=    0 ( 92,151)=    0 ( 89,151)=    0 ( 87,150)=    0 ( 84,150)=    0 ( 81,150)=    0 ( 78,150)=    0 
     77 | (160,118)= 3401 (158,118)=    0 (158,118)=    0 (153,118)=    0 (151,118)=    0 (149,118)=    0 (147,118)=    0 (145,118)=    0 (143,118)=    0 (141,118)=    0 
     78 | ( 72,188)= 3349 ( 67,188)=    0 ( 67,188)=    0 ( 58,187)=    0 ( 53,187)=    0 ( 48,187)=    0 ( 43,186)=    0 ( 39,186)=    0 ( 34,186)=    0 ( 30,186)=    0 
     79 | (121,115)= 3281 (118,115)=    0 (118,115)=    0 (112,115)=    0 (110,115)=    0 (107,115)=    0 (104,115)=    0 (101,115)=    0 ( 98,115)=    0 ( 96,115)=    0 
     80 | (121,203)= 3278 (117,203)=    0 (117,203)=    0 (110,203)=    0 (107,203)=    0 (103,203)=    0 ( 99,203)=    0 ( 96,203)=    0 ( 92,203)=    0 ( 89,203)=    0 
     81 | (222, 71)= 3261 (220, 70)=    0 (220, 70)=    0 (216, 69)=    0 (214, 69)=    0 (212, 69)=    0 (209, 69)=    0 (206, 69)=    0 (204, 70)=    0 (202, 70)=    0 
     82 | (237,212)= 3236 (232,212)=    0 (232,212)=    0 (222,212)=    0 (217,212)=    0 (211,212)=    0 (206,212)=    0 (201,212)=    0 (196,212)=    0 (191,212)=    0 
     83 | ( 95, 42)= 3223 ( 92, 42)=    0 ( 92, 42)=    0 ( 87, 42)=    0 ( 84, 42)=    0 ( 82, 42)=    0 ( 79, 42)=    0 ( 77, 42)=    0 ( 74, 42)=    0 ( 72, 42)=    0 
     84 | (281,115)= 3171 (277,116)=    0 (277,116)=    0 (269,117)=    0 (265,118)=    0 (261,119)=    0 (257,119)=    0 (254,119)=    0 (250,119)=    0 (246,120)=    0 
     85 | ( 31,105)= 3129 ( 26,105)=    0 ( 26,105)=    0 ( -1, -1)=   -4 ( -1, -1)=   -4 ( -1, -1)=   -4 ( -1, -1)=   -4 ( -1, -1)=   -4 ( -1, -1)=   -4 ( -1, -1)=   -4 
     86 | (203,187)= 3114 (198,187)=    0 (198,187)=    0 (188,187)=    0 (182,187)=    0 (177,187)=    0 (172,187)=    0 (167,187)=    0 (162,186)=    0 (157,186)=    0 
     87 | (152, 90)= 3112 (150, 90)=    0 (150, 90)=    0 (146, 90)=    0 (143, 90)=    0 (141, 90)=    0 (139, 90)=    0 (137, 90)=    0 (135, 90)=    0 (133, 90)=    0 
     88 | (168, 70)= 2979 (166, 70)=    0 (166, 70)=    0 (162, 70)=    0 (159, 70)=    0 (157, 70)=    0 (155, 70)=    0 (153, 70)=    0 (151, 70)=    0 (149, 70)=    0 
     89 | ( 76,173)= 2897 ( 71,173)=    0 ( 71,173)=    0 ( 62,173)=    0 ( 57,172)=    0 ( 52,172)=    0 ( 48,172)=    0 ( 43,172)=    0 ( 39,172)=    0 ( 34,171)=    0 
     90 | (138, 88)= 2814 (136, 88)=    0 (136, 88)=    0 (131, 88)=    0 (129, 87)=    0 (127, 87)=    0 (125, 87)=    0 (123, 87)=    0 (121, 87)=    0 (119, 87)=    0 
     91 | ( 88,213)= 2768 ( 83,213)=    0 ( 83,213)=    0 ( 74,212)=    0 ( 70,212)=    0 ( 66,212)=    0 ( 61,211)=    0 ( 57,211)=    0 ( 53,211)=    0 ( 49,211)=    0 
     92 | (184, 87)= 2712 (182, 87)=    0 (182, 87)=    0 (177, 87)=    0 (175, 87)=    0 (172, 86)=    0 (170, 84)=    0 (168, 83)=    0 (166, 82)=    0 (164, 81)=    0 
     93 | ( 52,140)= 2658 ( 47,140)=    0 ( 47,140)=    0 ( 38,139)=    0 ( 33,139)=    0 ( 28,139)=    0 ( -1, -1)=   -4 ( -1, -1)=   -4 ( -1, -1)=   -4 ( -1, -1)=   -4 
     94 | (245,101)= 2561 (241,100)=    0 (241,100)=    0 (234, 99)=    0 (231, 98)=    0 (227, 98)=    0 (224, 97)=    0 (220, 96)=    0 (217, 96)=    0 (214, 96)=    0 
     95 | (226, 40)= 2561 (224, 40)=    0 (224, 40)=    0 (220, 40)=    0 (218, 40)=    0 (216, 40)=    0 (214, 40)=    0 (212, 40)=    0 (210, 40)=    0 (208, 40)=    0 
     96 | ( 82,198)= 2527 ( 77,198)=    0 ( 77,198)=    0 ( 68,197)=    0 ( 63,197)=    0 ( 58,197)=    0 ( 54,196)=    0 ( 49,196)=    0 ( 45,196)=    0 ( 40,196)=    0 
     97 | (215,190)= 2506 (210,190)=    0 (210,190)=    0 (199,190)=    0 (194,190)=    0 (189,190)=    0 (184,190)=    0 (179,190)=    0 (173,190)=    0 (168,190)=    0 
     98 | (169,129)= 2406 (165,129)=    0 (165,129)=    0 (158,130)=    0 (154,130)=    0 (150,130)=    0 (147,130)=    0 (143,130)=    0 (140,130)=    0 (136,130)=    0 
     99 | (134,197)= 2403 ( -1, -1)=   -5 ( -1, -1)=   -5 ( -1, -1)=   -5 ( -1, -1)=   -5 ( -1, -1)=   -5 ( -1, -1)=   -5 ( -1, -1)=   -5 ( -1, -1)=   -5 ( -1, -1)=   -5 
    100 | (193,117)= 2375 (190,117)=    0 (190,117)=    0 (183,117)=    0 (180,117)=    0 (177,118)=    0 (174,118)=    0 (171,118)=    0 (168,118)=    0 (164,118)=    0 
    101 | (124, 42)= 2350 (121, 42)=    0 (121, 42)=    0 (116, 42)=    0 (113, 42)=    0 (110, 42)=    0 (108, 42)=    0 (105, 42)=    0 (103, 42)=    0 (100, 42)=    0 
    102 | ( 64,171)= 2213 ( 59,171)=    0 ( 59,171)=    0 ( 50,170)=    0 ( 45,170)=    0 ( 40,170)=    0 ( 35,170)=    0 ( 31,169)=    0 ( 26,169)=    0 ( -1, -1)=   -4 
    103 | (135,108)= 2210 (132,108)=    0 (132,108)=    0 (127,107)=    0 (124,107)=    0 (122,107)=    0 (119,107)=    0 (117,107)=    0 (114,106)=    0 (111,106)=    0 
    104 | (264,191)= 2172 (261,192)=    0 (261,192)=    0 (255,193)=    0 (252,193)=    0 (248,194)=    0 (245,194)=    0 (241,195)=    0 (237,195)=    0 (233,196)=    0 
    105 | (247,214)= 2154 (242,214)=    0 (242,214)=    0 (232,214)=    0 (227,214)=    0 (221,214)=    0 (216,215)=    0 (211,215)=    0 (206,215)=    0 (201,215)=    0 
    106 | (253,125)= 2117 (249,125)=    0 (249,125)=    0 (242,125)=    0 (239,125)=    0 (237,125)=    0 (235,125)=    0 (232,124)=    0 (230,124)=    0 (228,124)=    0 
    107 | (154,140)= 2109 (150,140)=    0 (150,140)=    0 (143,140)=    0 (140,140)=    0 (136,140)=    0 (132,140)=    0 (129,139)=    0 (126,139)=    0 (122,139)=    0 
    108 | (108, 58)= 2070 (105, 58)=    0 (105, 58)=    0 (100, 58)=    0 ( 97, 59)=    0 ( 95, 59)=    0 ( 92, 59)=    0 ( 90, 59)=    0 ( 88, 59)=    0 ( 85, 59)=    0 
    109 | (134,168)= 2068 (131,168)=    0 (131,168)=    0 (126,168)=    0 (123,168)=    0 (120,168)=    0 (117,168)=    0 (114,168)=    0 (110,168)=    0 (107,168)=    0 
    110 | (274,125)= 2008 (272,125)=    0 (272,125)=    0 (268,125)=    0 (265,125)=    0 ( -1, -1)=   -5 ( -1, -1)=   -5 ( -1, -1)=   -5 ( -1, -1)=   -5 ( -1, -1)=   -5 
    111 | (108, 40)= 1968 (105, 40)=    0 (105, 40)=    0 (100, 40)=    0 ( 97, 40)=    0 ( 94, 40)=    0 ( 92, 40)=    0 ( 89, 40)=    0 ( 87, 40)=    0 ( 84, 40)=    0 
    112 | (131,133)= 1936 (128,133)=    0 (128,133)=    0 (123,133)=    0 (120,132)=    0 (117,132)=    0 (115,132)=    0 (112,132)=    0 (110,132)=    0 (107,131)=    0 
    113 | ( 56,161)= 1899 ( 51,161)=    0 ( 51,161)=    0 ( 42,160)=    0 ( 37,160)=    0 ( 32,160)=    0 ( 27,160)=    0 ( -1, -1)=   -4 ( -1, -1)=   -4 ( -1, -1)=   -4 
    114 | ( 78,116)= 1717 ( 73,116)=    0 ( 73,116)=    0 ( 63,116)=    0 ( 59,116)=    0 ( 54,115)=    0 ( 49,115)=    0 ( 45,115)=    0 ( 40,115)=    0 ( 35,115)=    0 
    115 | (139,183)= 1697 (135,183)=    0 (135,183)=    0 (128,184)=    0 (124,184)=    0 (120,184)=    0 (116,185)=    0 (112,185)=    0 (109,184)=    0 (105,184)=    0 
    116 | (214,135)= 1679 (210,135)=    0 (210,135)=    0 (202,135)=    0 (198,135)=    0 (193,135)=    0 (189,135)=    0 (185,135)=    0 (181,135)=    0 (177,135)=    0 
    117 | (200, 87)= 1589 (196, 87)=    0 (196, 87)=    0 (189, 87)=    0 (185, 87)=    0 (182, 87)=    0 (178, 87)=    0 (174, 87)=    0 (171, 87)=    0 (167, 87)=    0 
    118 | ( 31,115)= 1481 ( 26,115)=    0 ( 26,115)=    0 ( -1, -1)=   -4 ( -1, -1)=   -4 ( -1, -1)=   -4 ( -1, -1)=   -4 ( -1, -1)=   -4 ( -1, -1)=   -4 ( -1, -1)=   -4 
    119 | (157, 70)= 1463 (155, 70)=    0 (155, 70)=    0 (151, 70)=    0 (148, 70)=    0 (146, 70)=    0 (144, 70)=    0 (142, 70)=    0 (140, 70)=    0 (138, 70)=    0 
    120 | (295,148)= 1430 (291,148)=    0 (291,148)=    0 (283,148)=    0 (279,148)=    0 (274,148)=    0 (270,149)=    0 (266,149)=    0 (262,149)=    0 (258,149)=    0 
    121 | (213,125)= 1357 (209,125)=    0 (209,125)=    0 (201,125)=    0 (197,125)=    0 (193,125)=    0 (188,125)=    0 (184,125)=    0 (180,125)=    0 (176,125)=    0 
    122 | (266, 62)= 1293 (264, 62)=    0 (264, 62)=    0 (260, 62)=    0 (258, 62)=    0 (256, 62)=    0 (254, 62)=    0 (251, 62)=    0 (249, 62)=    0 (247, 62)=    0 
    123 | ( 88,114)= 1282 ( 84,114)=    0 ( 84,114)=    0 ( 73,114)=    0 ( 69,113)=    0 ( 65,113)=    0 ( 60,113)=    0 ( 55,113)=    0 ( 51,113)=    0 ( 48,113)=    0 
    124 | (149, 40)= 1266 (148, 40)=    0 (148, 40)=    0 (146, 40)=    0 (145, 40)=    0 (144, 40)=    0 (143, 40)=    0 (142, 40)=    0 (141, 40)=    0 (140, 40)=    0 
    125 | (251, 36)= 1256 (250, 36)=    0 (250, 36)=    0 (248, 36)=    0 (247, 36)=    0 (246, 36)=    0 (245, 35)=    0 (244, 35)=    0 (243, 35)=    0 (242, 35)=    0 
    126 | (195,105)= 1248 (191,105)=    0 (191,105)=    0 (184,105)=    0 (180,105)=    0 (177,105)=    0 (173,105)=    0 (169,105)=    0 (165,105)=    0 (162,104)=    0 
    127 | (208,158)= 1228 (204,158)=    0 (204,158)=    0 (195,158)=    0 (191,158)=    0 (187,158)=    0 (183,158)=    0 (179,158)=    0 (174,158)=    0 (170,158)=    0 
    128 | ( 65,149)= 1211 ( 60,149)=    0 ( 60,149)=    0 ( 50,148)=    0 ( 45,148)=    0 ( 41,148)=    0 ( 36,148)=    0 ( 31,147)=    0 ( 26,147)=    0 ( -1, -1)=   -4 
    129 | (172, 60)= 1210 (170, 60)=    0 (170, 60)=    0 (166, 60)=    0 (164, 60)=    0 (161, 60)=    0 (159, 60)=    0 (157, 60)=    0 (155, 60)=    0 (153, 60)=    0 
    130 | ( 46,173)= 1205 ( 41,173)=    0 ( 41,173)=    0 ( 32,172)=    0 ( 27,172)=    0 ( -1, -1)=   -4 ( -1, -1)=   -4 ( -1, -1)=   -4 ( -1, -1)=   -4 ( -1, -1)=   -4 
    131 | ( 85, 24)= 1192 ( 82, 24)=    0 ( 82, 24)=    0 ( -1, -1)=   -4 ( -1, -1)=   -4 ( -1, -1)=   -4 ( -1, -1)=   -4 ( -1, -1)=   -4 ( -1, -1)=   -4 ( -1, -1)=   -4 
    132 | (174, 90)= 1177 (172, 90)=    0 (172, 90)=    0 (167, 90)=    0 (165, 90)=    0 (163, 90)=    0 (161, 90)=    0 (159, 90)=    0 (157, 90)=    0 (154, 90)=    0 
    133 | (190,182)= 1143 (186,182)=    0 (186,182)=    0 (177,182)=    0 (173,181)=    0 (168,181)=    0 (164,181)=    0 (160,181)=    0 (155,181)=    0 (151,181)=    0 
    134 | (131,143)= 1086 (128,143)=    0 (128,143)=    0 (123,142)=    0 (120,142)=    0 (117,142)=    0 (115,142)=    0 (112,142)=    0 (109,141)=    0 (107,141)=    0 
    135 | (203,115)= 1065 (199,115)=    0 (199,115)=    0 (191,115)=    0 (187,115)=    0 (183,115)=    0 (179,115)=    0 (176,115)=    0 (172,115)=    0 (168,115)=    0 
    136 | (289, 61)= 1048 (286, 61)=    0 (286, 61)=    0 (282, 61)=    0 (280, 61)=    0 (278, 61)=    0 (276, 61)=    0 (274, 61)=    0 (271, 61)=    0 (269, 61)=    0 
    137 | ( 78,215)= 1016 ( 73,215)=    0 ( 73,215)=    0 ( 64,214)=    0 ( 60,214)=    0 ( 55,213)=    0 ( 50,213)=    0 ( 46,213)=    0 ( 42,212)=    0 ( 37,212)=    0 
    138 | (212, 80)= 1005 (209, 80)=    0 (209, 80)=    0 (202, 80)=    0 (198, 80)=    0 (195, 80)=    0 (191, 80)=    0 (188, 80)=    0 (184, 80)=    0 (181, 80)=    0 
    139 | (241,112)=  987 (237,112)=    0 (237,112)=    0 (230,112)=    0 (226,112)=    0 (223,111)=    0 (220,110)=    0 (216,110)=    0 (212,109)=    0 (209,109)=    0 
    140 | (187,204)=  984 ( -1, -1)=   -4 ( -1, -1)=   -4 ( -1, -1)=   -4 ( -1, -1)=   -4 ( -1, -1)=   -4 ( -1, -1)=   -4 ( -1, -1)=   -4 ( -1, -1)=   -4 ( -1, -1)=   -4 
    141 | (194, 36)=  889 (193, 36)=    0 (193, 36)=    0 (191, 36)=    0 (190, 36)=    0 (189, 36)=    0 (188, 36)=    0 (187, 36)=    0 (186, 36)=    0 (185, 36)=    0 
    142 | (195,172)=  879 (191,172)=    0 (191,172)=    0 (182,172)=    0 (177,172)=    0 (173,172)=    0 (169,172)=    0 (164,172)=    0 (160,172)=    0 (156,171)=    0 
    143 | (247,147)=  868 (243,147)=    0 (243,147)=    0 (235,147)=    0 (231,147)=    0 (227,147)=    0 (223,147)=    0 (219,147)=    0 (215,147)=    0 (211,147)=    0 
    144 | (197,127)=  819 (193,127)=    0 (193,127)=    0 (186,127)=    0 (182,127)=    0 (178,127)=    0 (174,127)=    0 (171,126)=    0 (167,126)=    0 (163,126)=    0 
    145 | (147, 70)=  819 (145, 70)=    0 (145, 70)=    0 (141, 70)=    0 (138, 70)=    0 (136, 70)=    0 (134, 70)=    0 (132, 70)=    0 (130, 70)=    0 (128, 70)=    0 
    146 | (141,207)=  810 (137,207)=    0 (137,207)=    0 (128,207)=    0 (124,206)=    0 (120,206)=    0 (115,206)=    0 (111,206)=    0 (107,206)=    0 (103,205)=    0 
    147 | ( 53,117)=  802 ( 48,117)=    0 ( 48,117)=    0 ( 38,117)=    0 ( 33,117)=    0 ( 29,117)=    0 ( -1, -1)=   -4 ( -1, -1)=   -4 ( -1, -1)=   -4 ( -1, -1)=   -4 
    148 | (294, 24)=  792 ( -1, -1)=   -4 ( -1, -1)=   -4 ( -1, -1)=   -4 ( -1, -1)=   -4 ( -1, -1)=   -4 ( -1, -1)=   -4 ( -1, -1)=   -4 ( -1, -1)=   -4 ( -1, -1)=   -4 
    149 | (268, 33)=  770 (267, 33)=    0 (267, 33)=    0 (265, 33)=    0 (264, 33)=    0 (263, 33)=    0 (262, 33)=    0 (261, 33)=    0 (260, 33)=    0 (258, 33)=    0 
